lastAccountName: Raguotoji Ragana
timestamps:
  login: 1580650369917
  kits:
    tools: 1579125508208
  logout: 1580652232382
  lastteleport: 1579817133097
ipAddress: 88.119.4.105
lastlocation:
  world: world
  x: 411.37796259316156
  y: 62.0
  z: -7.558914046540435
  yaw: -211.9446
  pitch: 7.799982
geolocation: Republic of Lithuania
money: '1600.0'
logoutlocation:
  world: world
  x: 160.270948674176
  y: 71.0
  z: -6.8722536739442335
  yaw: 72.899994
  pitch: 0.74999154
