lastAccountName: Raguotoji Ragana
timestamps:
  login: 1580572253879
  kits:
    tools: 1579125508208
  logout: 1580574684474
  lastteleport: 1579817133097
ipAddress: 88.119.4.105
lastlocation:
  world: world
  x: 411.37796259316156
  y: 62.0
  z: -7.558914046540435
  yaw: -211.9446
  pitch: 7.799982
geolocation: Republic of Lithuania
money: '1600.0'
logoutlocation:
  world: world
  x: 156.30248449737465
  y: 77.0
  z: -2.81828623455231
  yaw: -268.0501
  pitch: 18.450024
