lastAccountName: Raguotoji Ragana
timestamps:
  login: 1579123130715
  kits:
    tools: 1579125508208
  logout: 1579130127555
ipAddress: 88.119.4.105
lastlocation:
  world: world
  x: -219.77903159347676
  y: 115.0
  z: -14.262926775324624
  yaw: -5.2489614
  pitch: 13.349918
geolocation: Republic of Lithuania
money: '1600.0'
logoutlocation:
  world: world
  x: 146.994996081794
  y: 73.0
  z: -1.1604872737204626
  yaw: -202.94531
  pitch: 30.300066
