geolocation: Republic of Lithuania
lastAccountName: Y1K_10
timestamps:
  login: 1577729595576
  logout: 1577729832911
ipAddress: 85.206.114.2
lastlocation:
  world: world
  x: 26.5
  y: 64.0
  z: -84.5
  yaw: 5.285586
  pitch: 0.0
logoutlocation:
  world: world
  x: -1018.3900032172926
  y: 64.0
  z: 99.3954756126447
  yaw: 11.550242
  pitch: -11.250026
