lastAccountName: AnndyJ
timestamps:
  login: 1576431849350
  lastteleport: 1576439093506
  logout: 1576440258599
ipAddress: 88.222.16.103
geolocation: Republic of Lithuania
lastlocation:
  world: world
  x: 74.69999998807907
  y: 12.0
  z: -537.6999999880791
  yaw: -124.504486
  pitch: 5.7004786
logoutlocation:
  world: world
  x: 162.3978107124687
  y: 84.0
  z: -350.2825964439029
  yaw: -180.45047
  pitch: 6.750093
