lastAccountName: Tausva
timestamps:
  login: 1578492303283
  lastteleport: 1578495069808
  kits:
    tools: 1577106172312
  logout: 1578496002370
ipAddress: 85.255.48.127
lastlocation:
  world: world
  x: 98.32510237643474
  y: 67.0
  z: -133.72055300463944
  yaw: -254.96436
  pitch: 8.5506525
geolocation: Republic of Lithuania
money: '31770.0'
logoutlocation:
  world: world_nether
  x: -161.9763347264398
  y: 75.0
  z: 77.28024190702561
  yaw: -72.015045
  pitch: 12.751299
