lastAccountName: Tausva
timestamps:
  login: 1578573528526
  lastteleport: 1578576121470
  kits:
    tools: 1577106172312
  logout: 1578577538193
ipAddress: 85.255.48.127
lastlocation:
  world: world
  x: 352.55976141264415
  y: 64.0
  z: -557.2118890195948
  yaw: 185.86914
  pitch: 9.600937
geolocation: Republic of Lithuania
money: '31770.0'
logoutlocation:
  world: world
  x: 311.3863686462637
  y: 73.0
  z: -559.4581009269293
  yaw: -107.628235
  pitch: -6.3003063
