lastAccountName: Tausva
timestamps:
  login: 1581019150207
  lastteleport: 1581019285925
  kits:
    tools: 1577106172312
  logout: 1581019779189
ipAddress: 78.63.84.174
lastlocation:
  world: world
  x: 68.47451943746589
  y: 64.0
  z: -87.26022980126717
  yaw: 350.09912
  pitch: 8.100022
geolocation: Republic of Lithuania
money: '121969.0'
logoutlocation:
  world: world
  x: 327.6208877160528
  y: 68.0
  z: -544.3238084417882
  yaw: 183.59589
  pitch: 5.9996557
