lastAccountName: Tausva
timestamps:
  login: 1579464772858
  lastteleport: 1579005364988
  kits:
    tools: 1577106172312
  logout: 1579464873744
ipAddress: 85.255.48.127
lastlocation:
  world: world
  x: 299.13749998807907
  y: 96.0
  z: -550.2881610160637
  yaw: -88.34923
  pitch: 30.300299
geolocation: Republic of Lithuania
money: '131770.0'
logoutlocation:
  world: world
  x: 315.0423979334509
  y: 72.0
  z: -573.6752454353824
  yaw: -110.5532
  pitch: 15.149975
