lastAccountName: Tausva
timestamps:
  login: 1580554604273
  lastteleport: 1580554628563
  kits:
    tools: 1577106172312
  logout: 1580555412325
ipAddress: 85.255.48.127
lastlocation:
  world: world
  x: 340.7096018736537
  y: 84.0
  z: -565.3137962657777
  yaw: -293.72452
  pitch: 63.44906
geolocation: Republic of Lithuania
money: '121969.0'
logoutlocation:
  world: world
  x: 33.21059169804415
  y: 63.0
  z: -88.14674431651834
  yaw: 70.50464
  pitch: -22.049692
