lastAccountName: Tausva
timestamps:
  login: 1577564405538
  lastteleport: 1577568061277
  kits:
    tools: 1577106172312
  logout: 1577568699193
ipAddress: 85.255.48.127
lastlocation:
  world: world
  x: 325.23015077177376
  y: 69.0
  z: -563.1907728944749
  yaw: -270.00537
  pitch: 18.750217
geolocation: Republic of Lithuania
money: '31770.0'
logoutlocation:
  world: world
  x: 299.13749998807907
  y: 92.0
  z: -550.6672033813778
  yaw: 253.62646
  pitch: 32.54985
