lastAccountName: Tausva
timestamps:
  login: 1579168235593
  lastteleport: 1579005364988
  kits:
    tools: 1577106172312
  logout: 1579168247854
ipAddress: 85.255.48.127
lastlocation:
  world: world
  x: 299.13749998807907
  y: 96.0
  z: -550.2881610160637
  yaw: -88.34923
  pitch: 30.300299
geolocation: Republic of Lithuania
money: '131770.0'
logoutlocation:
  world: world
  x: 4861.623007693054
  y: 68.0
  z: -1248.432478206476
  yaw: -122.97607
  pitch: 7.3506374
