geolocation: Republic of Lithuania
lastAccountName: Kuroame666
timestamps:
  login: 1576437628953
  kits:
    tools: 1576431234222
  logout: 1576437884830
ipAddress: 78.58.190.109
lastlocation:
  world: world
  x: 26.5
  y: 64.0
  z: -84.5
  yaw: 2.9277205
  pitch: 0.0
money: '2400.0'
logoutlocation:
  world: world
  x: -75.25686017191713
  y: 69.5
  z: -223.79375453630914
  yaw: 241.7666
  pitch: 11.999317
