geolocation: Republic of Lithuania
lastAccountName: Kuroame666
timestamps:
  login: 1579359411198
  kits:
    tools: 1579123794292
  logout: 1579365173652
ipAddress: 78.58.190.109
lastlocation:
  world: world
  x: 26.5
  y: 64.0
  z: -84.5
  yaw: 2.9277205
  pitch: 0.0
money: '4100.0'
logoutlocation:
  world: world
  x: -71.02374485846289
  y: 59.0
  z: -287.694998052768
  yaw: 273.4934
  pitch: 14.850262
