geolocation: Republic of Lithuania
lastAccountName: Kuroame666
timestamps:
  login: 1584383918385
  kits:
    tools: 1579123794292
  logout: 1584385155922
  lastteleport: 1584383821497
ipAddress: 78.58.190.109
lastlocation:
  world: world
  x: -43.885333153530205
  y: 73.0
  z: -255.92500001192093
  yaw: -133.64873
  pitch: 11.250526
money: '6850.0'
logoutlocation:
  world: world
  x: -97.00077301940306
  y: 69.0
  z: -276.69317672264185
  yaw: 72.29907
  pitch: 7.1999674
