geolocation: Republic of Lithuania
lastAccountName: Kuroame666
timestamps:
  login: 1580562818666
  kits:
    tools: 1579123794292
  logout: 1580577666022
  lastteleport: 1580570369813
ipAddress: 78.58.190.109
lastlocation:
  world: world
  x: -113.80916843787668
  y: 88.0
  z: -297.5567219511564
  yaw: 278.82544
  pitch: 52.950058
money: '7900.0'
logoutlocation:
  world: world
  x: -73.84703558397491
  y: 59.0
  z: -280.26907189087257
  yaw: 124.16916
  pitch: 28.500063
