geolocation: Republic of Lithuania
lastAccountName: Kuroame666
timestamps:
  login: 1579447263621
  kits:
    tools: 1579123794292
  logout: 1579457063191
ipAddress: 78.58.190.109
lastlocation:
  world: world
  x: 26.5
  y: 64.0
  z: -84.5
  yaw: 2.9277205
  pitch: 0.0
money: '7700.0'
logoutlocation:
  world: world
  x: -77.37249743657095
  y: 59.0
  z: -290.1994571773345
  yaw: 249.36963
  pitch: 26.399906
