geolocation: Republic of Lithuania
lastAccountName: Kuroame666
timestamps:
  login: 1582236693793
  kits:
    tools: 1579123794292
  logout: 1582240050367
  lastteleport: 1582238785710
ipAddress: 78.58.190.109
lastlocation:
  world: world
  x: -80.44426199999027
  y: 71.0
  z: -289.4767903297554
  yaw: 13.961914
  pitch: 17.099937
money: '6850.0'
logoutlocation:
  world: world
  x: -43.885333153530205
  y: 73.0
  z: -255.92500001192093
  yaw: -299.84872
  pitch: 18.750528
