lastAccountName: duoncikas
timestamps:
  login: 1578492572748
  logout: 1578497456616
  lastteleport: 1578494834558
ipAddress: 85.206.114.2
lastlocation:
  world: world
  x: 91.84354191465209
  y: 64.0
  z: -116.81723254963134
  yaw: -23.699942
  pitch: 10.349968
geolocation: Republic of Lithuania
logoutlocation:
  world: world
  x: -1000.8276048011929
  y: 64.0
  z: -1.1384304490768373
  yaw: 324.4391
  pitch: 5.9999995
