lastAccountName: duoncikas
timestamps:
  login: 1579130663622
  logout: 1579132289651
  lastteleport: 1578494834558
ipAddress: 85.206.114.2
lastlocation:
  world: world
  x: 91.84354191465209
  y: 64.0
  z: -116.81723254963134
  yaw: -23.699942
  pitch: 10.349968
geolocation: Republic of Lithuania
logoutlocation:
  world: world
  x: -997.6568867278303
  y: 64.0
  z: -0.5983477890102329
  yaw: 56.69164
  pitch: -14.399938
