lastAccountName: LinuxPlayer
timestamps:
  login: 1608583266405
  logout: 1583355964946
  lastteleport: 1608583301584
  kits:
    tools: 1576426965415
ipAddress: 192.168.1.131
logoutlocation:
  world: world
  x: 293.3496594702867
  y: 103.0
  z: -549.4104149829909
  yaw: -8.250011
  pitch: 24.900011
lastlocation:
  world: world
  x: 355.06029521810245
  y: 111.48660133108801
  z: -603.0139019265806
  yaw: -127.79998
  pitch: 27.000006
afk: false
money: '1999936833'
godmode: false
homes:
  home:
    world: world
    x: -210.4974604081049
    y: 105.0
    z: -22.19867790902524
    yaw: -133.65007
    pitch: 49.65001
