lastAccountName: LinuxPlayer
timestamps:
  login: 1579286855834
  logout: 1579290571205
  lastteleport: 1579290541261
  kits:
    tools: 1576426965415
ipAddress: 127.0.0.1
logoutlocation:
  world: world
  x: -47.93685711626975
  y: 87.8146398454321
  z: -256.9134041492802
  yaw: 351.37454
  pitch: 18.599964
lastlocation:
  world: world
  x: 6.553798865300978
  y: 70.98775900100115
  z: -122.4396327437642
  yaw: 103.73865
  pitch: 6.1499515
afk: false
money: '1999937033'
godmode: false
homes:
  home:
    world: world
    x: -210.4974604081049
    y: 105.0
    z: -22.19867790902524
    yaw: -133.65007
    pitch: 49.65001
