lastAccountName: LinuxPlayer
timestamps:
  login: 1583355729765
  logout: 1583355964946
  lastteleport: 1583355843214
  kits:
    tools: 1576426965415
ipAddress: 192.168.151.21
logoutlocation:
  world: world
  x: 293.3496594702867
  y: 103.0
  z: -549.4104149829909
  yaw: -8.250011
  pitch: 24.900011
lastlocation:
  world: world
  x: 141.30000001192093
  y: 19.0
  z: -4.721916704466943
  yaw: 87.89923
  pitch: 0.44992715
afk: false
money: '1999936833'
godmode: false
homes:
  home:
    world: world
    x: -210.4974604081049
    y: 105.0
    z: -22.19867790902524
    yaw: -133.65007
    pitch: 49.65001
