lastAccountName: LinuxPlayer
timestamps:
  login: 1579464487793
  logout: 1579465013755
  lastteleport: 1579464782728
  kits:
    tools: 1576426965415
ipAddress: 127.0.0.1
logoutlocation:
  world: world
  x: 4822.854902177001
  y: 81.42932581791955
  z: -1268.4289099790801
  yaw: -265.77634
  pitch: 22.950537
lastlocation:
  world: world
  x: 399.27029891935945
  y: 88.86648899946167
  z: -558.38143300034
  yaw: 104.92212
  pitch: 33.299812
afk: false
money: '1999937033'
godmode: false
homes:
  home:
    world: world
    x: -210.4974604081049
    y: 105.0
    z: -22.19867790902524
    yaw: -133.65007
    pitch: 49.65001
