lastAccountName: LinuxPlayer
timestamps:
  login: 1579976573983
  logout: 1579977479871
  lastteleport: 1579817079043
  kits:
    tools: 1576426965415
ipAddress: 127.0.0.1
logoutlocation:
  world: world
  x: 212.29362996706632
  y: 81.6862575684088
  z: -1.3528937236400242
  yaw: 116.40015
  pitch: 29.24981
lastlocation:
  world: world
  x: 447.2996490581197
  y: 97.60452610924435
  z: -21.05377741793314
  yaw: 353.85547
  pitch: 37.800213
afk: false
money: '1999936833'
godmode: false
homes:
  home:
    world: world
    x: -210.4974604081049
    y: 105.0
    z: -22.19867790902524
    yaw: -133.65007
    pitch: 49.65001
