lastAccountName: LinuxPlayer
timestamps:
  login: 1578415967733
  logout: 1578416095519
  lastteleport: 1577393029563
  kits:
    tools: 1576426965415
ipAddress: 127.0.0.1
logoutlocation:
  world: world
  x: 8.539021465172526
  y: 94.40825679508437
  z: -84.47780442520377
  yaw: -150.44775
  pitch: 46.049946
lastlocation:
  world: world
  x: 329.9553296343951
  y: 82.10551723051553
  z: -548.6168978538158
  yaw: 320.9522
  pitch: 20.849989
afk: false
money: '2000038461'
godmode: false
homes:
  home:
    world: world
    x: -210.4974604081049
    y: 105.0
    z: -22.19867790902524
    yaw: -133.65007
    pitch: 49.65001
