geolocation: Republic of Lithuania
lastAccountName: NaujasAcc
timestamps:
  login: 1581266941287
  logout: 1581273032818
ipAddress: 88.119.4.105
lastlocation:
  world: world
  x: 26.5
  y: 64.0
  z: -84.5
  yaw: 1.5502313
  pitch: 0.0
logoutlocation:
  world: world
  x: 167.66280113495526
  y: 27.0
  z: -6.7770173084931775
  yaw: -355.4463
  pitch: 19.649921
