spawns: 
  default: 
    world: world
    x: 26.44915267883228
    y: 63.0
    z: -84.53952271591852
    yaw: 359.99994
    pitch: -0.30000702
